  x=[96 51 98 202 272 280 182];
  y=[63 147 242 262 211 97 59];
  P=[x(:) y(:)];