P1 = [ 73   569
   385   595
   587   526
   600   328
   556   126
   404    41
   272    46
   119    65
    29   150
    16   370]
